300 200
0 3
1 21
10 12
14 28
33 35
32 38
21 38
28 31
28 8
3 1
4 39
8 6
12 17
28 30
23 39
19 26
33 0
37 17
17 15
6 10
37 11
26 10
8 32
0 33
25 17
35 24
32 17
30 7
7 40
32 27
19 20
7 12
40 26
14 35
25 27
5 23
12 39
32 40
26 38
25 34
7 28
21 21
18 4
30 29
9 35
19 34
6 39
11 0
21 40
10 16
32 27
37 22
30 1
35 4
40 19
11 2
1 33
25 34
17 30
17 14
33 0
24 32
16 36
18 11
18 19
23 37
36 34
37 8
2 11
19 13
13 16
17 29
19 16
0 39
21 28
18 23
26 35
23 14
13 13
38 10
15 9
33 8
39 23
11 12
6 8
38 26
3 28
24 24
14 40
11 39
28 3
29 4
24 17
16 22
26 2
29 11
34 10
4 39
26 6
28 12
38 30
29 30
11 38
17 32
20 4
30 34
39 17
15 32
3 3
13 12
10 2
2 8
19 33
28 37
24 5
8 1
34 19
14 19
36 28
39 39
20 17
1 26
26 29
39 36
11 30
26 0
23 6
16 14
20 17
19 20
9 27
19 22
0 24
24 20
10 34
9 33
39 18
16 23
1 17
0 33
38 17
34 1
4 16
40 40
25 14
0 0
39 18
35 8
33 20
30 28
5 39
12 15
26 5
37 37
40 0
19 37
24 19
38 21
38 7
7 12
23 26
26 28
19 37
39 15
14 22
7 28
2 19
5 25
27 1
40 17
8 20
1 39
2 9
20 40
4 2
35 15
14 26
28 33
23 20
23 14
11 26
31 22
0 25
19 30
24 37
10 1
31 27
20 37
15 16
10 38
35 3
0 20
32 2
39 36
4 39
33 34
4 3
11 37
16 30
5 39
29 10
17 36
26 16
26 19
27 26
22 16
25 26
4 32
1 2
32 9
37 39
26 18
29 7
26 33
1 10
36 13
18 2
10 25
11 18
13 1
38 5
13 10
14 24
7 23
37 5
23 13
5 6
26 32
5 10
0 9
6 35
28 8
39 19
11 35
14 28
6 28
6 28
24 20
39 25
17 10
32 2
12 32
39 23
1 7
16 7
38 31
35 21
40 5
32 23
0 12
33 3
7 32
34 30
37 9
33 7
13 27
9 39
17 16
32 33
18 10
6 33
30 7
17 15
23 16
0 16
38 13
33 34
2 18
32 18
6 18
31 9
27 4
28 27
2 38
34 6
36 0
17 37
27 13
30 10
2 34
4 37
7 4
40 10
0 16
15 34
16 32
21 22
25 38
17 39
18 37
33 8
6 27
25 29
36 10
20 17
34 32
8 36
24 21
35 5
4 15
