300 200
0 18
10 9
15 29
4 10
16 40
16 28
22 38
2 32
17 39
34 24
33 19
17 35
5 24
31 36
19 38
14 17
1 18
29 6
37 29
29 29
21 1
17 35
34 8
34 20
12 6
28 19
12 30
2 8
29 1
4 21
26 17
6 12
21 29
29 20
31 25
26 8
4 8
10 38
19 22
23 23
17 3
2 34
40 40
10 33
22 24
26 8
7 1
34 18
38 22
22 16
40 14
34 4
21 24
14 6
30 38
35 40
15 18
5 9
22 13
32 4
5 1
27 32
10 20
10 24
37 15
2 7
9 14
0 4
22 38
39 35
34 36
27 0
9 32
2 33
24 36
7 13
6 8
38 38
6 40
18 6
28 26
0 34
8 40
2 4
16 25
39 28
20 27
5 22
16 9
30 1
3 24
17 5
40 18
19 35
26 12
20 9
20 26
8 37
15 18
27 1
15 5
22 33
6 34
3 39
31 3
14 39
13 30
16 34
20 40
36 27
25 17
2 1
18 21
22 20
16 31
4 1
12 9
4 12
19 40
21 24
29 2
26 22
26 39
40 14
33 14
2 35
35 35
20 29
17 11
39 22
24 38
29 1
11 19
7 25
13 20
14 29
6 40
27 22
14 28
4 26
18 34
14 10
37 9
26 19
23 4
32 30
7 22
29 27
13 0
35 26
0 39
10 36
37 1
0 30
1 8
38 40
8 6
15 0
27 37
27 0
11 19
8 18
3 24
13 9
34 36
12 0
15 29
21 1
32 10
32 18
39 22
11 33
4 11
13 24
31 19
16 27
1 21
36 31
8 16
9 2
28 6
13 3
2 19
28 2
15 36
13 31
34 0
22 19
23 1
28 8
24 31
30 30
0 35
4 30
21 5
17 30
35 5
29 40
18 22
26 22
37 32
32 40
16 37
1 33
37 13
35 36
14 28
1 6
8 13
14 1
5 23
18 17
11 2
27 32
5 1
19 14
22 32
5 8
10 4
1 2
0 6
4 3
22 1
15 25
21 9
8 3
5 6
25 1
18 25
12 8
31 5
13 17
11 16
7 36
10 27
22 16
19 15
23 7
16 40
24 24
8 27
23 18
10 4
11 1
39 11
28 30
0 33
24 25
22 28
7 5
11 16
28 1
7 34
37 16
16 11
36 18
21 38
20 39
15 29
17 14
16 11
16 17
19 23
18 4
0 11
26 0
27 0
26 25
3 28
32 24
35 15
20 10
35 21
33 23
10 22
8 2
21 15
35 25
17 37
23 25
5 36
9 12
8 3
18 12
22 30
16 24
1 23
19 25
39 13
4 40
37 31
24 33
13 9
16 23
20 0
18 7
38 2
2 8
18 21
1 3
