300 200
0 33
21 36
0 26
5 21
24 0
30 15
3 8
5 8
6 1
25 8
9 20
9 34
28 0
20 25
0 5
24 5
26 2
12 17
15 29
28 33
14 35
1 37
23 31
28 33
16 8
7 30
6 31
1 30
15 20
19 6
12 10
25 23
21 28
19 38
30 30
23 6
6 27
17 13
16 10
3 2
15 6
1 2
4 24
0 5
19 19
30 1
16 20
32 10
40 25
37 1
34 2
5 24
0 3
20 40
30 8
21 13
12 19
33 39
5 14
5 12
19 12
25 11
29 22
21 3
18 27
23 39
3 22
2 6
33 33
14 18
30 25
15 13
23 13
7 31
23 23
0 29
4 11
36 19
7 10
34 40
3 26
22 17
28 36
28 9
7 22
23 37
15 10
32 32
23 14
10 25
28 15
12 22
27 11
30 6
0 2
40 37
10 18
31 7
19 10
33 30
27 8
21 17
25 35
33 26
9 33
15 9
14 7
2 20
39 28
13 37
21 20
1 10
6 37
8 20
20 8
22 9
33 22
28 35
39 5
38 23
30 22
19 20
33 32
10 18
14 24
11 30
29 29
30 28
14 10
27 6
9 29
32 33
14 8
40 20
19 0
19 8
0 26
8 30
13 16
14 11
33 5
13 12
12 40
34 13
29 29
26 17
13 37
34 6
12 25
8 10
27 11
31 8
23 7
32 20
35 30
4 5
4 37
24 30
38 34
8 5
15 19
1 10
15 31
40 20
11 19
36 32
9 37
5 5
12 3
2 38
8 28
26 8
3 37
20 30
9 18
27 15
35 20
33 27
4 31
10 25
12 13
39 0
28 20
19 5
20 33
37 21
9 24
18 37
37 32
34 38
26 32
12 20
29 27
37 7
31 27
21 7
11 34
21 7
9 21
27 40
23 14
11 24
16 33
30 20
2 2
24 40
36 40
8 5
2 5
9 6
17 15
36 12
20 35
36 9
38 33
10 12
6 3
36 7
13 1
22 33
39 24
19 34
17 30
0 24
1 26
9 3
7 21
22 13
14 13
39 19
12 26
32 1
6 25
3 7
20 14
28 36
25 0
35 18
34 33
4 13
27 5
38 0
20 16
17 14
32 33
33 18
34 24
21 15
26 7
3 12
17 21
18 29
5 33
38 35
10 16
30 9
37 6
21 32
33 1
0 37
8 19
39 13
9 17
22 2
6 22
24 8
8 6
0 15
4 10
27 27
22 33
2 36
24 39
21 1
38 9
14 10
13 3
6 20
37 1
4 39
11 25
22 33
37 20
36 12
2 9
10 21
2 31
27 26
22 32
17 15
12 29
2 2
22 25
23 36
38 2
21 17
28 0
31 19
8 35
14 30
