300 200
0 28
14 20
33 26
19 6
11 1
2 24
6 10
15 1
3 10
8 10
24 14
8 25
6 12
26 37
8 35
0 36
5 25
21 37
13 9
16 33
6 34
20 30
7 2
12 0
6 2
15 5
34 23
26 15
33 9
33 38
25 36
29 18
7 1
21 10
14 25
39 13
36 10
23 16
18 10
4 18
18 33
35 31
15 1
31 24
8 16
38 12
6 28
11 39
5 7
9 11
21 27
40 19
38 34
33 36
15 8
27 25
38 15
26 39
34 13
0 9
4 19
31 35
34 5
11 34
0 10
30 4
28 7
13 27
6 35
15 33
37 29
14 24
32 25
32 31
6 31
24 36
13 20
4 4
9 17
39 10
11 21
34 23
13 35
6 11
35 9
19 15
16 31
24 10
3 20
13 33
10 37
40 32
3 33
9 18
29 10
18 9
36 30
26 17
26 24
22 21
15 13
22 24
40 3
27 3
35 6
33 24
17 5
24 8
16 28
17 17
26 2
6 3
0 24
0 3
9 27
30 7
5 5
15 5
17 15
13 23
13 0
0 12
4 13
21 26
20 0
0 4
13 39
23 39
36 34
18 15
35 26
7 35
23 19
5 17
6 0
16 22
28 0
17 16
20 22
5 28
29 13
29 34
29 10
24 2
29 9
10 11
0 31
23 22
35 27
31 37
3 29
0 17
0 28
38 10
19 38
9 40
13 39
25 29
33 31
4 5
20 29
24 28
12 33
9 14
24 22
9 10
22 7
3 4
17 32
8 0
28 7
24 28
30 20
15 25
29 24
7 13
11 21
39 0
19 37
2 0
27 38
34 31
0 26
24 26
10 0
31 5
31 13
12 25
16 12
31 21
32 2
36 26
30 30
14 28
1 31
13 1
29 35
23 28
21 7
20 12
25 19
2 14
40 34
13 35
1 39
37 2
33 24
25 25
34 15
38 14
3 29
29 26
11 32
20 30
17 21
17 9
33 29
25 4
6 27
7 35
26 4
40 15
38 7
33 10
21 29
22 17
39 29
18 25
4 7
23 5
31 15
21 29
29 30
23 29
9 24
9 38
32 5
7 5
15 24
3 11
37 37
0 23
39 38
31 31
16 32
38 37
15 18
31 21
2 36
5 0
25 2
17 27
9 15
20 4
39 39
21 34
18 7
25 39
1 14
3 25
35 1
11 37
21 18
19 24
4 0
22 20
32 36
3 26
27 31
34 10
0 14
14 23
32 23
21 12
15 16
5 25
40 33
1 0
16 2
12 20
14 15
7 7
30 18
34 20
37 21
12 38
40 40
31 37
20 39
19 20
35 38
6 0
1 7
0 1
22 13
4 17
1 0
34 25
21 14
37 10
