400 400
0 2
1 2
3 7
4 17
15 6
10 25
25 28
21 27
1 18
5 5
39 37
2 13
22 29
39 14
23 24
31 0
8 23
1 19
36 18
3 24
37 25
13 25
0 35
28 15
2 10
18 20
8 36
38 16
9 8
37 28
2 11
11 29
33 13
34 2
23 13
26 5
14 5
10 1
0 20
10 19
28 6
6 40
29 19
21 4
6 40
18 26
30 37
37 24
20 27
39 29
10 25
15 38
5 13
38 10
11 10
9 33
14 22
29 27
28 25
20 16
39 29
26 8
27 14
37 27
39 22
7 7
4 14
15 31
13 0
23 32
29 4
0 16
26 35
27 8
11 26
1 33
21 14
34 4
23 38
34 25
7 11
31 35
38 29
34 4
10 30
30 6
3 0
2 20
1 17
8 14
36 22
24 31
29 23
9 2
23 12
5 9
7 4
2 34
22 31
22 20
24 7
10 33
14 18
37 36
13 15
27 4
11 38
22 34
2 5
8 17
22 22
12 17
6 8
4 6
39 38
6 2
22 38
37 20
24 40
36 27
10 5
7 37
28 30
17 11
19 4
25 39
40 7
12 34
36 32
15 16
31 38
40 36
23 1
15 39
22 21
39 29
37 12
33 20
34 0
29 34
24 30
6 15
34 36
34 0
3 26
23 16
17 24
9 15
35 13
14 8
11 12
12 31
3 39
9 32
36 8
12 0
9 9
35 6
6 39
34 40
21 22
39 34
38 35
10 4
24 18
22 28
16 17
6 6
3 37
33 10
21 38
21 23
35 19
24 38
14 16
19 5
2 8
35 1
20 25
7 14
28 3
3 13
32 30
35 20
11 33
12 9
38 1
0 36
21 38
28 11
35 33
13 25
34 2
8 13
24 36
19 30
14 29
16 39
8 37
28 27
30 20
30 25
5 34
3 39
12 22
32 19
39 40
28 31
38 23
33 23
4 30
6 35
27 1
15 11
30 19
13 33
34 38
18 38
0 32
13 30
23 6
31 38
38 38
20 4
39 39
17 37
34 24
7 31
18 14
18 34
14 8
6 36
29 26
1 37
1 25
17 36
30 23
2 36
17 7
15 9
40 29
13 20
6 16
33 13
3 32
16 19
14 12
37 28
35 7
6 22
4 28
16 10
1 9
35 32
15 4
7 6
3 13
2 9
8 7
6 4
39 8
9 0
17 25
30 13
34 13
36 31
11 15
18 3
39 19
21 18
39 13
29 10
35 39
2 14
24 25
8 0
22 30
35 30
7 37
39 3
29 0
34 9
16 10
40 15
14 25
27 23
1 24
11 10
1 17
7 24
1 37
4 19
6 2
22 35
13 23
37 11
18 36
4 4
6 35
15 36
34 17
22 0
16 25
26 11
36 17
14 21
2 1
33 12
33 15
5 36
11 8
14 25
1 8
22 26
40 21
25 24
39 6
34 36
19 5
2 26
34 7
6 19
32 4
19 1
16 1
2 11
23 11
26 0
16 15
30 26
21 14
22 2
30 34
16 20
30 3
8 34
12 29
20 31
3 5
19 13
40 32
16 26
35 14
38 16
38 3
11 22
24 31
5 38
20 21
22 23
39 7
18 33
27 11
8 26
6 17
3 23
7 11
14 34
6 26
26 17
30 12
40 24
23 14
28 27
1 24
12 36
15 3
7 35
5 20
25 21
2 40
39 7
20 37
8 17
22 8
29 34
39 38
4 31
39 2
13 34
24 29
20 5
17 10
29 19
28 17
11 26
34 0
35 0
30 39
31 37
9 32
37 6
27 0
38 19
9 33
6 8
34 31
9 31
34 12
3 24
