400 400
0 35
23 27
9 10
31 32
27 27
14 35
21 40
32 8
12 7
34 16
13 11
5 18
16 0
17 24
24 5
16 5
5 19
0 6
16 5
9 26
26 38
8 29
10 22
12 30
20 17
19 2
30 16
33 27
38 21
2 21
25 0
3 8
36 5
6 24
18 13
6 13
19 37
25 34
3 30
14 28
19 23
40 34
5 38
23 38
29 30
29 35
35 18
3 22
18 14
5 29
2 9
36 7
12 30
15 37
23 30
35 24
28 19
34 38
33 19
11 2
17 4
28 6
15 39
32 29
30 26
13 0
14 8
39 26
16 18
16 36
23 11
7 24
25 17
12 10
29 28
39 14
18 36
9 28
20 18
29 13
8 17
7 32
5 37
40 31
0 12
13 15
11 9
2 5
15 7
28 21
12 33
38 8
25 27
22 36
25 12
30 38
22 9
19 40
8 33
14 34
26 10
21 2
8 12
0 21
32 22
7 35
24 33
2 5
4 10
15 27
35 34
36 6
18 34
8 23
9 10
11 37
3 2
13 20
33 34
6 19
5 8
17 33
35 4
37 34
39 15
2 27
24 32
22 34
15 20
39 36
29 6
5 13
11 25
7 9
18 31
18 13
33 29
2 21
0 1
1 35
6 20
27 3
40 10
5 30
14 22
19 28
40 35
22 2
35 6
33 39
37 1
9 21
30 30
18 37
38 8
11 8
18 4
1 6
14 21
40 21
39 17
4 12
26 20
15 9
1 0
30 26
17 9
20 30
39 10
17 4
26 15
26 4
29 21
20 20
25 37
7 29
36 28
1 5
34 22
25 0
28 19
4 34
33 32
6 6
14 39
12 20
9 16
18 21
6 5
39 38
33 15
32 6
21 26
4 27
33 9
40 37
18 0
25 32
34 36
1 12
21 24
18 12
26 10
21 35
35 39
38 33
34 6
18 37
31 36
34 19
38 28
15 8
40 7
39 32
23 38
12 2
25 40
13 15
18 32
38 12
22 22
39 39
29 18
21 32
25 1
32 6
20 30
14 22
40 39
3 34
21 15
1 6
6 31
24 23
26 4
28 8
20 37
10 27
6 7
26 4
10 24
14 39
10 17
11 22
18 35
1 40
39 7
22 14
20 13
33 16
0 33
33 9
23 5
16 28
19 6
23 2
1 26
30 13
21 9
19 12
38 21
34 35
34 19
26 31
36 14
12 31
16 13
37 31
11 39
37 26
7 7
16 21
18 7
26 27
24 35
5 22
5 6
14 16
10 0
30 30
29 17
8 40
38 37
22 34
17 36
17 33
5 32
26 36
12 39
28 7
32 29
36 24
18 1
16 12
17 23
32 23
3 20
32 22
11 6
11 13
0 26
9 5
12 5
19 3
17 30
19 36
33 6
21 11
6 0
16 36
39 9
2 24
28 10
9 5
8 30
20 31
3 20
2 33
9 21
5 27
30 5
20 23
7 27
23 38
12 34
31 35
33 28
28 26
35 21
8 15
2 38
18 2
23 34
34 40
18 30
24 6
21 15
22 38
22 30
1 6
24 13
5 10
37 26
8 35
32 19
7 31
35 9
13 33
30 36
37 38
23 30
9 5
33 31
23 40
11 5
22 25
30 17
10 28
0 3
8 12
23 25
12 0
27 33
24 20
38 21
12 25
40 20
26 18
40 37
24 26
7 35
4 1
38 20
13 17
16 1
33 15
10 3
36 11
37 14
8 19
24 25
14 4
14 34
37 25
23 40
0 8
9 9
12 18
40 32
33 20
3 26
29 6
22 21
28 0
20 30
32 27
34 7
4 39
36 20
16 24
