400 400
0 17
9 38
16 1
9 19
19 2
11 20
4 13
18 10
6 40
36 20
25 18
2 18
0 22
13 12
7 23
37 18
34 20
33 30
18 31
14 11
5 26
20 29
37 15
8 17
17 19
37 17
40 1
20 28
39 15
4 23
25 31
40 5
0 19
5 1
6 40
6 10
18 24
6 9
36 31
9 27
3 16
26 13
25 23
15 8
21 25
30 12
27 30
38 33
36 12
31 18
15 26
27 23
9 38
24 14
29 31
34 23
27 0
1 15
7 25
21 10
0 31
40 26
34 1
7 10
0 30
18 18
5 34
28 8
1 33
28 6
7 4
5 20
1 26
0 10
4 8
25 8
39 1
17 2
21 5
9 21
40 4
5 0
1 28
24 20
4 34
36 20
27 21
16 19
19 11
12 13
27 40
35 1
7 31
4 26
12 28
16 11
13 6
38 30
6 16
30 24
14 21
5 4
6 27
19 21
11 15
19 32
36 10
35 14
33 31
3 9
19 25
22 33
39 22
12 30
16 0
2 8
25 26
39 23
16 20
32 9
7 3
0 10
28 28
2 19
5 29
32 10
1 10
19 28
3 4
7 38
27 39
37 28
2 21
38 40
24 32
26 18
28 4
39 14
5 38
10 8
3 12
25 20
22 21
16 10
20 5
37 12
14 9
3 14
8 32
25 7
30 33
1 25
39 13
7 15
0 34
7 20
3 14
14 15
28 11
27 32
1 26
22 2
2 4
6 7
12 37
20 16
4 7
24 22
20 32
14 39
23 27
10 5
3 17
16 7
27 12
33 20
26 35
7 13
25 10
10 14
32 34
20 10
13 17
38 7
24 31
7 0
13 25
23 12
0 8
31 38
10 17
3 34
6 6
28 18
0 40
18 15
37 20
10 3
37 35
14 26
22 30
32 11
26 34
9 25
4 16
4 17
28 7
10 7
6 16
5 31
17 6
38 27
24 36
11 9
6 1
20 16
15 11
7 9
14 11
26 32
23 2
35 11
12 28
32 25
16 17
1 19
13 29
25 4
29 19
25 37
30 24
15 7
15 37
24 2
25 12
0 8
19 16
20 1
2 40
37 16
31 12
30 0
23 4
22 9
26 10
28 25
15 35
8 29
18 40
5 18
4 34
13 38
22 28
13 2
25 8
9 32
5 20
9 8
20 21
37 25
38 19
8 1
29 36
1 17
9 38
16 25
28 8
5 38
24 14
15 1
28 33
1 30
36 5
13 0
24 26
13 33
4 23
29 25
3 17
24 25
35 40
11 4
18 35
36 13
27 14
13 33
38 12
22 9
2 11
15 1
6 19
35 31
9 17
40 16
7 14
35 33
21 36
2 38
26 15
32 39
4 31
6 25
35 28
35 28
8 12
32 23
0 4
18 38
24 38
3 16
0 10
7 18
24 1
4 23
4 6
16 18
4 2
25 13
12 16
5 8
1 9
1 1
26 20
34 12
35 18
35 29
5 18
35 18
27 4
40 4
38 38
2 10
16 3
38 34
13 18
38 39
31 9
9 24
38 21
8 24
34 27
16 28
23 23
15 39
31 9
18 2
32 20
4 12
27 2
22 13
12 3
28 39
0 22
37 17
28 37
28 13
31 14
23 21
35 18
9 14
1 37
2 22
27 30
8 36
40 38
28 33
40 33
32 11
17 40
26 38
36 23
3 6
35 36
29 2
8 26
35 36
2 34
16 12
17 38
5 18
30 29
29 22
25 29
38 13
27 17
18 19
31 24
10 21
39 37
33 0
35 33
38 28
5 14
23 21
10 39
18 26
0 9
5 9
9 1
11 5
