400 400
0 9
9 29
27 9
7 32
19 37
35 21
39 30
9 27
32 11
26 28
29 9
1 29
13 25
6 20
29 39
34 14
27 9
35 35
20 36
32 1
9 20
17 34
26 7
16 2
1 2
7 14
10 26
19 19
11 16
2 35
2 19
25 20
3 5
20 5
40 15
19 24
22 22
25 7
11 29
34 11
4 2
16 22
23 3
3 23
6 13
14 40
1 29
11 19
2 7
14 3
0 20
27 36
39 12
26 37
36 20
19 19
5 18
27 21
0 34
20 17
32 5
9 33
32 30
22 14
4 23
4 4
4 38
21 33
16 13
7 24
12 15
19 40
21 29
40 17
3 19
1 23
36 18
39 26
2 8
34 31
28 3
5 10
8 31
33 36
12 6
34 21
11 15
3 10
39 26
13 31
33 15
6 13
5 32
39 23
9 17
18 33
32 14
40 0
0 10
20 19
25 30
25 5
28 22
31 29
7 40
24 40
36 33
0 20
35 12
29 40
4 37
40 36
29 9
13 3
12 25
20 2
16 8
39 3
2 13
33 16
27 19
7 8
39 16
7 9
38 5
29 25
14 36
21 27
13 22
13 7
23 17
34 22
2 28
38 1
22 4
12 23
29 30
19 22
4 9
10 7
27 31
38 29
17 36
18 30
24 36
35 25
14 23
30 27
10 38
13 33
39 14
36 33
19 2
29 11
10 25
11 4
0 40
13 11
38 2
13 33
8 31
32 9
7 9
26 34
9 17
31 33
0 25
17 25
1 19
19 19
16 15
13 24
14 28
5 1
8 36
32 38
8 30
28 8
29 25
20 23
40 0
15 26
37 28
24 39
16 23
35 29
13 35
21 19
30 31
33 25
4 18
17 26
22 21
33 29
32 15
3 7
37 31
12 29
21 39
1 14
36 40
0 29
4 1
21 33
14 35
38 5
8 20
16 1
29 3
24 3
22 15
2 36
16 17
2 34
6 10
30 5
13 20
28 28
33 5
39 10
20 20
12 35
18 31
33 38
18 2
23 27
17 3
17 3
8 28
17 30
39 12
9 21
3 16
24 17
40 18
16 19
23 34
3 21
16 36
7 12
31 19
10 37
25 15
37 30
34 17
29 0
30 23
40 38
30 34
0 21
25 40
18 19
9 25
9 10
21 32
33 6
3 17
13 12
11 3
15 10
31 36
5 15
2 28
14 38
25 12
3 7
23 22
14 1
30 2
20 6
9 5
33 14
3 8
6 34
16 36
15 10
24 8
35 21
37 28
23 33
39 7
15 26
38 17
11 33
1 6
34 4
2 36
2 31
16 23
31 24
11 23
34 19
18 9
32 37
13 0
34 37
27 21
7 33
5 2
1 16
23 25
30 12
24 5
25 21
21 31
29 1
4 35
19 4
15 26
33 15
15 14
8 38
32 23
23 37
0 35
17 32
25 10
34 8
17 1
25 18
31 22
17 6
0 24
30 0
14 20
2 17
13 36
10 9
34 27
34 13
5 38
23 36
0 18
25 33
8 5
25 5
2 12
15 31
34 22
1 3
3 8
16 19
15 4
14 26
1 1
21 9
29 4
9 36
13 19
3 4
35 2
36 26
3 8
21 9
34 33
31 1
10 39
2 19
20 10
39 8
38 28
4 6
14 26
9 31
11 30
28 25
19 2
10 38
2 20
3 2
14 15
23 17
31 31
38 19
25 27
0 19
27 20
14 28
33 38
36 24
14 15
27 38
35 9
26 16
16 4
15 32
32 13
23 28
18 14
18 33
3 17
20 25
12 5
32 12
32 11
38 16
2 17
3 21
8 15
3 7
