500 500
0 36
30 34
32 42
8 47
17 39
5 29
43 28
45 26
50 41
3 44
14 30
6 26
19 47
27 3
0 3
48 17
18 4
28 49
4 27
26 5
44 33
38 28
2 38
8 34
46 41
49 36
33 15
33 25
30 11
2 37
44 47
1 25
4 28
14 21
36 22
22 47
33 10
33 46
2 8
12 21
10 27
42 4
30 34
44 41
5 3
35 38
8 40
14 33
32 4
18 36
46 26
45 32
11 30
1 31
14 30
16 8
24 33
44 2
22 16
32 23
44 44
30 11
6 39
39 24
47 32
42 9
41 14
4 11
29 9
38 44
28 33
21 20
37 29
18 9
8 46
7 22
32 37
31 19
27 6
18 28
25 8
8 5
26 35
46 37
44 22
30 50
50 39
24 13
21 42
5 41
41 19
0 22
2 25
3 25
25 6
25 40
23 3
25 43
42 27
0 30
46 46
1 13
28 33
10 13
45 2
30 15
30 39
0 33
16 38
23 7
16 8
4 16
34 14
44 42
33 19
26 41
37 1
46 29
19 5
12 23
46 10
25 17
30 21
26 40
2 37
8 44
1 26
28 38
3 14
47 10
31 17
48 18
6 46
43 21
29 41
32 15
3 19
44 3
4 7
21 26
30 11
14 34
7 20
29 29
9 37
19 38
5 20
16 31
49 15
37 24
45 27
31 24
33 19
36 18
48 12
34 22
19 6
45 24
50 17
23 4
14 44
28 24
4 24
46 19
37 26
0 41
0 18
7 50
4 16
5 17
4 43
28 48
37 6
37 17
43 37
43 26
28 15
13 17
42 29
3 49
2 39
6 6
24 42
3 37
15 5
16 5
24 8
26 11
41 40
11 15
40 18
38 12
6 37
6 42
45 27
41 43
11 18
31 32
35 32
34 8
35 11
25 50
29 36
43 7
36 38
11 32
9 15
39 1
8 17
48 28
20 39
29 28
32 35
31 41
39 13
18 37
45 16
40 29
6 24
47 49
48 19
34 11
15 13
39 14
8 17
33 6
26 6
23 30
27 22
20 20
14 50
31 4
31 11
13 1
3 30
35 2
2 22
12 36
27 21
35 31
14 25
13 26
43 37
46 1
3 5
4 1
9 34
35 40
16 9
18 38
16 35
34 39
9 48
41 1
46 34
31 18
20 10
22 19
9 10
36 19
7 32
6 25
30 36
50 22
37 13
15 50
35 11
11 44
8 26
29 41
45 1
50 9
6 8
8 4
1 5
11 36
17 27
30 5
11 35
46 17
12 34
30 8
2 3
13 4
0 9
14 0
1 44
0 24
37 37
34 36
26 31
12 31
29 7
24 24
41 3
36 49
41 10
12 25
18 28
26 48
9 11
27 46
0 18
24 11
44 24
8 49
7 14
47 34
16 46
3 15
12 12
17 9
36 30
25 7
45 8
17 3
38 16
29 34
34 5
12 31
12 3
26 29
18 7
10 39
27 12
21 24
33 27
21 19
18 35
33 18
27 17
5 46
12 1
7 7
17 1
15 45
30 19
24 3
2 38
35 25
20 27
7 14
40 14
24 33
29 22
18 36
26 21
17 44
41 37
2 31
3 36
44 23
26 2
2 18
47 43
41 3
35 27
18 40
20 6
16 43
16 28
11 11
10 1
41 45
43 38
27 13
31 9
0 49
11 8
49 43
10 39
34 39
44 49
22 19
1 44
40 50
50 11
49 46
47 20
0 24
38 10
38 34
43 27
46 20
37 25
4 18
48 44
13 9
24 29
47 40
5 42
9 33
12 14
3 49
36 34
15 20
39 43
25 45
15 5
20 37
8 37
2 22
22 48
2 24
10 46
11 38
18 47
3 27
14 2
45 37
6 20
12 11
12 47
8 3
12 14
22 4
15 32
19 19
31 5
21 7
15 36
20 21
10 12
5 48
22 7
44 34
27 40
35 49
7 23
21 18
14 4
2 19
13 1
10 8
50 7
26 47
16 49
20 22
21 19
31 3
1 23
34 3
15 20
16 43
7 9
42 37
39 35
48 20
4 42
32 27
36 35
2 12
46 16
26 34
32 13
31 21
10 20
21 48
19 0
44 11
8 50
28 41
7 20
18 3
20 5
7 1
23 17
40 25
43 28
24 48
11 19
2 16
39 3
31 0
17 24
44 15
46 37
7 22
47 15
50 12
30 48
47 42
14 12
37 27
1 38
20 27
25 44
14 33
44 34
11 11
25 37
13 24
36 16
25 3
50 47
48 44
2 25
21 26
19 22
47 15
